/*
 * Copyright (C) 2020 Matthias Kirchhart
 *
 * This is free software; you can redistribute it and/or modify it under
 * the terms of the GNU General Public License as published by the Free
 * Software Foundation; either version 3, or (at your option) any later
 * version.
 *
 * This software is distributed in the hope that it will be useful, but 
 * WITHOUT ANY WARRANTY; without even the implied warranty of MERCHANTABILITY
 * or FITNESS FOR A PARTICULAR PURPOSE.  See the GNU General Public License
 * for more details.
 *
 * You should have received a copy of the GNU General Public License along with
 * this software; see the file COPYING.  If not see http://www.gnu.org/licenses.
 */

#include <stdexcept>
#include <armadillo>
#include <geometry/cellid.h>

namespace
{

const arma::mat A[ 27 ]
{

arma::mat
{{
  {  4.60592019399116009e-02,  4.57797273965582230e-03,  4.57797273965582230e-03,  4.57797273965582230e-03 },
  { -4.57797273965582230e-03, -1.68343611301693317e-04, -1.36672834168741946e-03, -1.36672834168741946e-03 },
  {  5.52226285673207320e-05, -1.90135820144136084e-04,  1.46923835028484187e-04,  1.46923835028484187e-04 },
  {  6.10339703967977646e-05,  5.26036566863324729e-05,  9.61316396248480022e-06,  9.61316396248480022e-06 },
  { -4.57797273965582230e-03, -1.36672834168741946e-03, -1.68343611301693317e-04, -1.36672834168741946e-03 },
  {  1.36672834168741946e-03,  3.49195324063292429e-04,  3.49195324063292429e-04,  6.58291950604137266e-04 },
  { -1.46923835028484187e-04,  1.56893093613635205e-05, -1.10747410492340479e-04, -1.29497121675069173e-04 },
  {  5.52226285673207320e-05,  1.46923835028484187e-04, -1.90135820144136084e-04,  1.46923835028484187e-04 },
  { -1.46923835028484187e-04, -1.10747410492340479e-04,  1.56893093613635205e-05, -1.29497121675069173e-04 },
  {  6.10339703967977646e-05,  9.61316396248480022e-06,  5.26036566863324729e-05,  9.61316396248480022e-06 },
  { -4.57797273965582230e-03, -1.36672834168741946e-03, -1.36672834168741946e-03, -1.68343611301693317e-04 },
  {  1.36672834168741946e-03,  3.49195324063292429e-04,  6.58291950604137266e-04,  3.49195324063292429e-04 },
  { -1.46923835028484187e-04,  1.56893093613635205e-05, -1.29497121675069173e-04, -1.10747410492340479e-04 },
  {  1.36672834168741946e-03,  6.58291950604137266e-04,  3.49195324063292429e-04,  3.49195324063292429e-04 },
  { -6.58291950604137266e-04, -2.96650557214443505e-04, -2.96650557214443505e-04, -2.96650557214443505e-04 },
  { -1.46923835028484187e-04, -1.29497121675069173e-04,  1.56893093613635205e-05, -1.10747410492340479e-04 },
  {  5.52226285673207320e-05,  1.46923835028484187e-04,  1.46923835028484187e-04, -1.90135820144136084e-04 },
  { -1.46923835028484187e-04, -1.10747410492340479e-04, -1.29497121675069173e-04,  1.56893093613635205e-05 },
  { -1.46923835028484187e-04, -1.29497121675069173e-04, -1.10747410492340479e-04,  1.56893093613635205e-05 },
  {  6.10339703967977646e-05,  9.61316396248480022e-06,  9.61316396248480022e-06,  5.26036566863324729e-05 }
}},

arma::mat
{{
  {  5.63802507983433218e-02,  0.00000000000000000e+00,  8.28205569892252746e-03,  8.28205569892252746e-03 },
  {  0.00000000000000000e+00,  2.75695612247552025e-03,  0.00000000000000000e+00,  0.00000000000000000e+00 },
  { -1.13779176424918193e-03,  0.00000000000000000e+00, -4.92378269739831404e-04, -4.92378269739831404e-04 },
  {  0.00000000000000000e+00, -1.98881815816138720e-04,  0.00000000000000000e+00,  0.00000000000000000e+00 },
  { -8.28205569892252746e-03,  0.00000000000000000e+00, -1.53088161332622032e-03, -3.48346882347923400e-03 },
  {  0.00000000000000000e+00, -1.27354930014057397e-03,  0.00000000000000000e+00,  0.00000000000000000e+00 },
  {  4.92378269739831404e-04,  0.00000000000000000e+00,  2.28403679042529035e-04,  3.19006055651528567e-04 },
  {  6.55032436422000805e-04,  0.00000000000000000e+00, -3.91447906184086490e-05,  7.11857690339946759e-04 },
  {  0.00000000000000000e+00,  3.02452443690197955e-04,  0.00000000000000000e+00,  0.00000000000000000e+00 },
  {  2.93825805441606375e-05,  0.00000000000000000e+00,  8.65069702463918029e-05, -7.43288738454127887e-05 },
  { -8.28205569892252746e-03,  0.00000000000000000e+00, -3.48346882347923400e-03, -1.53088161332622032e-03 },
  {  0.00000000000000000e+00, -1.27354930014057397e-03,  0.00000000000000000e+00,  0.00000000000000000e+00 },
  {  4.92378269739831404e-04,  0.00000000000000000e+00,  3.19006055651528567e-04,  2.28403679042529035e-04 },
  {  3.48346882347923400e-03,  0.00000000000000000e+00,  1.58345326543360117e-03,  1.58345326543360117e-03 },
  {  0.00000000000000000e+00,  8.80471538442766902e-04,  0.00000000000000000e+00,  0.00000000000000000e+00 },
  { -7.11857690339946759e-04,  0.00000000000000000e+00, -2.89578681313298501e-04, -6.19648724374649443e-04 },
  {  6.55032436422000805e-04,  0.00000000000000000e+00,  7.11857690339946759e-04, -3.91447906184086490e-05 },
  {  0.00000000000000000e+00,  3.02452443690197955e-04,  0.00000000000000000e+00,  0.00000000000000000e+00 },
  { -7.11857690339946759e-04,  0.00000000000000000e+00, -6.19648724374649443e-04, -2.89578681313298501e-04 },
  {  2.93825805441606375e-05,  0.00000000000000000e+00, -7.43288738454127887e-05,  8.65069702463918029e-05 }
}},

arma::mat
{{
  {  4.60592019399116009e-02, -4.57797273965582230e-03,  4.57797273965582230e-03,  4.57797273965582230e-03 },
  {  4.57797273965582230e-03, -1.68343611301693317e-04,  1.36672834168741946e-03,  1.36672834168741946e-03 },
  {  5.52226285673207320e-05,  1.90135820144136084e-04,  1.46923835028484187e-04,  1.46923835028484187e-04 },
  { -6.10339703967977646e-05,  5.26036566863324729e-05, -9.61316396248480022e-06, -9.61316396248480022e-06 },
  { -4.57797273965582230e-03,  1.36672834168741946e-03, -1.68343611301693317e-04, -1.36672834168741946e-03 },
  { -1.36672834168741946e-03,  3.49195324063292429e-04, -3.49195324063292429e-04, -6.58291950604137266e-04 },
  { -1.46923835028484187e-04, -1.56893093613635205e-05, -1.10747410492340479e-04, -1.29497121675069173e-04 },
  {  5.52226285673207320e-05, -1.46923835028484187e-04, -1.90135820144136084e-04,  1.46923835028484187e-04 },
  {  1.46923835028484187e-04, -1.10747410492340479e-04, -1.56893093613635205e-05,  1.29497121675069173e-04 },
  {  6.10339703967977646e-05, -9.61316396248480022e-06,  5.26036566863324729e-05,  9.61316396248480022e-06 },
  { -4.57797273965582230e-03,  1.36672834168741946e-03, -1.36672834168741946e-03, -1.68343611301693317e-04 },
  { -1.36672834168741946e-03,  3.49195324063292429e-04, -6.58291950604137266e-04, -3.49195324063292429e-04 },
  { -1.46923835028484187e-04, -1.56893093613635205e-05, -1.29497121675069173e-04, -1.10747410492340479e-04 },
  {  1.36672834168741946e-03, -6.58291950604137266e-04,  3.49195324063292429e-04,  3.49195324063292429e-04 },
  {  6.58291950604137266e-04, -2.96650557214443505e-04,  2.96650557214443505e-04,  2.96650557214443505e-04 },
  { -1.46923835028484187e-04,  1.29497121675069173e-04,  1.56893093613635205e-05, -1.10747410492340479e-04 },
  {  5.52226285673207320e-05, -1.46923835028484187e-04,  1.46923835028484187e-04, -1.90135820144136084e-04 },
  {  1.46923835028484187e-04, -1.10747410492340479e-04,  1.29497121675069173e-04, -1.56893093613635205e-05 },
  { -1.46923835028484187e-04,  1.29497121675069173e-04, -1.10747410492340479e-04,  1.56893093613635205e-05 },
  {  6.10339703967977646e-05, -9.61316396248480022e-06,  9.61316396248480022e-06,  5.26036566863324729e-05 }
}},

arma::mat
{{
  {  5.63802507983433218e-02,  8.28205569892252746e-03,  0.00000000000000000e+00,  8.28205569892252746e-03 },
  { -8.28205569892252746e-03, -1.53088161332622032e-03,  0.00000000000000000e+00, -3.48346882347923400e-03 },
  {  6.55032436422000805e-04, -3.91447906184086490e-05,  0.00000000000000000e+00,  7.11857690339946759e-04 },
  {  2.93825805441606375e-05,  8.65069702463918029e-05,  0.00000000000000000e+00, -7.43288738454127887e-05 },
  {  0.00000000000000000e+00,  0.00000000000000000e+00,  2.75695612247552025e-03,  0.00000000000000000e+00 },
  {  0.00000000000000000e+00,  0.00000000000000000e+00, -1.27354930014057397e-03,  0.00000000000000000e+00 },
  {  0.00000000000000000e+00,  0.00000000000000000e+00,  3.02452443690197955e-04,  0.00000000000000000e+00 },
  { -1.13779176424918193e-03, -4.92378269739831404e-04,  0.00000000000000000e+00, -4.92378269739831404e-04 },
  {  4.92378269739831404e-04,  2.28403679042529035e-04,  0.00000000000000000e+00,  3.19006055651528567e-04 },
  {  0.00000000000000000e+00,  0.00000000000000000e+00, -1.98881815816138720e-04,  0.00000000000000000e+00 },
  { -8.28205569892252746e-03, -3.48346882347923400e-03,  0.00000000000000000e+00, -1.53088161332622032e-03 },
  {  3.48346882347923400e-03,  1.58345326543360117e-03,  0.00000000000000000e+00,  1.58345326543360117e-03 },
  { -7.11857690339946759e-04, -2.89578681313298501e-04,  0.00000000000000000e+00, -6.19648724374649443e-04 },
  {  0.00000000000000000e+00,  0.00000000000000000e+00, -1.27354930014057397e-03,  0.00000000000000000e+00 },
  {  0.00000000000000000e+00,  0.00000000000000000e+00,  8.80471538442766902e-04,  0.00000000000000000e+00 },
  {  4.92378269739831404e-04,  3.19006055651528567e-04,  0.00000000000000000e+00,  2.28403679042529035e-04 },
  {  6.55032436422000805e-04,  7.11857690339946759e-04,  0.00000000000000000e+00, -3.91447906184086490e-05 },
  { -7.11857690339946759e-04, -6.19648724374649443e-04,  0.00000000000000000e+00, -2.89578681313298501e-04 },
  {  0.00000000000000000e+00,  0.00000000000000000e+00,  3.02452443690197955e-04,  0.00000000000000000e+00 },
  {  2.93825805441606375e-05, -7.43288738454127887e-05,  0.00000000000000000e+00,  8.65069702463918029e-05 }
}},

arma::mat
{{
  {  7.80563627878484989e-02,  0.00000000000000000e+00,  0.00000000000000000e+00,  1.99442695377312906e-02 },
  {  0.00000000000000000e+00,  7.33461132693295336e-03,  0.00000000000000000e+00,  0.00000000000000000e+00 },
  { -2.77581632989939639e-03,  0.00000000000000000e+00,  0.00000000000000000e+00, -1.76590992984301831e-03 },
  {  0.00000000000000000e+00, -8.82497767125765571e-04,  0.00000000000000000e+00,  0.00000000000000000e+00 },
  {  0.00000000000000000e+00,  0.00000000000000000e+00,  7.33461132693295336e-03,  0.00000000000000000e+00 },
  {  0.00000000000000000e+00,  0.00000000000000000e+00,  0.00000000000000000e+00,  0.00000000000000000e+00 },
  {  0.00000000000000000e+00,  0.00000000000000000e+00, -7.14300247251084693e-04,  0.00000000000000000e+00 },
  { -2.77581632989939639e-03,  0.00000000000000000e+00,  0.00000000000000000e+00, -1.76590992984301831e-03 },
  {  0.00000000000000000e+00, -7.14300247251084693e-04,  0.00000000000000000e+00,  0.00000000000000000e+00 },
  {  0.00000000000000000e+00,  0.00000000000000000e+00, -8.82497767125765571e-04,  0.00000000000000000e+00 },
  { -1.99442695377312906e-02,  0.00000000000000000e+00,  0.00000000000000000e+00, -8.92913161486171177e-03 },
  {  0.00000000000000000e+00, -5.15330695076234718e-03,  0.00000000000000000e+00,  0.00000000000000000e+00 },
  {  1.76590992984301831e-03,  0.00000000000000000e+00,  0.00000000000000000e+00,  1.27198858679832992e-03 },
  {  0.00000000000000000e+00,  0.00000000000000000e+00, -5.15330695076234718e-03,  0.00000000000000000e+00 },
  {  0.00000000000000000e+00,  0.00000000000000000e+00,  0.00000000000000000e+00,  0.00000000000000000e+00 },
  {  1.76590992984301831e-03,  0.00000000000000000e+00,  0.00000000000000000e+00,  1.27198858679832992e-03 },
  {  4.21241087025435793e-03,  0.00000000000000000e+00,  0.00000000000000000e+00,  2.52878736963846069e-03 },
  {  0.00000000000000000e+00,  2.11272906249706073e-03,  0.00000000000000000e+00,  0.00000000000000000e+00 },
  {  0.00000000000000000e+00,  0.00000000000000000e+00,  2.11272906249706073e-03,  0.00000000000000000e+00 },
  { -8.24874374445552544e-04,  0.00000000000000000e+00,  0.00000000000000000e+00, -6.04846381540924427e-04 }
}},

arma::mat
{{
  {  5.63802507983433218e-02, -8.28205569892252746e-03,  0.00000000000000000e+00,  8.28205569892252746e-03 },
  {  8.28205569892252746e-03, -1.53088161332622032e-03,  0.00000000000000000e+00,  3.48346882347923400e-03 },
  {  6.55032436422000805e-04,  3.91447906184086490e-05,  0.00000000000000000e+00,  7.11857690339946759e-04 },
  { -2.93825805441606375e-05,  8.65069702463918029e-05,  0.00000000000000000e+00,  7.43288738454127887e-05 },
  {  0.00000000000000000e+00,  0.00000000000000000e+00,  2.75695612247552025e-03,  0.00000000000000000e+00 },
  {  0.00000000000000000e+00,  0.00000000000000000e+00,  1.27354930014057397e-03,  0.00000000000000000e+00 },
  {  0.00000000000000000e+00,  0.00000000000000000e+00,  3.02452443690197955e-04,  0.00000000000000000e+00 },
  { -1.13779176424918193e-03,  4.92378269739831404e-04,  0.00000000000000000e+00, -4.92378269739831404e-04 },
  { -4.92378269739831404e-04,  2.28403679042529035e-04,  0.00000000000000000e+00, -3.19006055651528567e-04 },
  {  0.00000000000000000e+00,  0.00000000000000000e+00, -1.98881815816138720e-04,  0.00000000000000000e+00 },
  { -8.28205569892252746e-03,  3.48346882347923400e-03,  0.00000000000000000e+00, -1.53088161332622032e-03 },
  { -3.48346882347923400e-03,  1.58345326543360117e-03,  0.00000000000000000e+00, -1.58345326543360117e-03 },
  { -7.11857690339946759e-04,  2.89578681313298501e-04,  0.00000000000000000e+00, -6.19648724374649443e-04 },
  {  0.00000000000000000e+00,  0.00000000000000000e+00, -1.27354930014057397e-03,  0.00000000000000000e+00 },
  {  0.00000000000000000e+00,  0.00000000000000000e+00, -8.80471538442766902e-04,  0.00000000000000000e+00 },
  {  4.92378269739831404e-04, -3.19006055651528567e-04,  0.00000000000000000e+00,  2.28403679042529035e-04 },
  {  6.55032436422000805e-04, -7.11857690339946759e-04,  0.00000000000000000e+00, -3.91447906184086490e-05 },
  {  7.11857690339946759e-04, -6.19648724374649443e-04,  0.00000000000000000e+00,  2.89578681313298501e-04 },
  {  0.00000000000000000e+00,  0.00000000000000000e+00,  3.02452443690197955e-04,  0.00000000000000000e+00 },
  {  2.93825805441606375e-05,  7.43288738454127887e-05,  0.00000000000000000e+00,  8.65069702463918029e-05 }
}},

arma::mat
{{
  {  4.60592019399116009e-02,  4.57797273965582230e-03, -4.57797273965582230e-03,  4.57797273965582230e-03 },
  { -4.57797273965582230e-03, -1.68343611301693317e-04,  1.36672834168741946e-03, -1.36672834168741946e-03 },
  {  5.52226285673207320e-05, -1.90135820144136084e-04, -1.46923835028484187e-04,  1.46923835028484187e-04 },
  {  6.10339703967977646e-05,  5.26036566863324729e-05, -9.61316396248480022e-06,  9.61316396248480022e-06 },
  {  4.57797273965582230e-03,  1.36672834168741946e-03, -1.68343611301693317e-04,  1.36672834168741946e-03 },
  { -1.36672834168741946e-03, -3.49195324063292429e-04,  3.49195324063292429e-04, -6.58291950604137266e-04 },
  {  1.46923835028484187e-04, -1.56893093613635205e-05, -1.10747410492340479e-04,  1.29497121675069173e-04 },
  {  5.52226285673207320e-05,  1.46923835028484187e-04,  1.90135820144136084e-04,  1.46923835028484187e-04 },
  { -1.46923835028484187e-04, -1.10747410492340479e-04, -1.56893093613635205e-05, -1.29497121675069173e-04 },
  { -6.10339703967977646e-05, -9.61316396248480022e-06,  5.26036566863324729e-05, -9.61316396248480022e-06 },
  { -4.57797273965582230e-03, -1.36672834168741946e-03,  1.36672834168741946e-03, -1.68343611301693317e-04 },
  {  1.36672834168741946e-03,  3.49195324063292429e-04, -6.58291950604137266e-04,  3.49195324063292429e-04 },
  { -1.46923835028484187e-04,  1.56893093613635205e-05,  1.29497121675069173e-04, -1.10747410492340479e-04 },
  { -1.36672834168741946e-03, -6.58291950604137266e-04,  3.49195324063292429e-04, -3.49195324063292429e-04 },
  {  6.58291950604137266e-04,  2.96650557214443505e-04, -2.96650557214443505e-04,  2.96650557214443505e-04 },
  { -1.46923835028484187e-04, -1.29497121675069173e-04, -1.56893093613635205e-05, -1.10747410492340479e-04 },
  {  5.52226285673207320e-05,  1.46923835028484187e-04, -1.46923835028484187e-04, -1.90135820144136084e-04 },
  { -1.46923835028484187e-04, -1.10747410492340479e-04,  1.29497121675069173e-04,  1.56893093613635205e-05 },
  {  1.46923835028484187e-04,  1.29497121675069173e-04, -1.10747410492340479e-04, -1.56893093613635205e-05 },
  {  6.10339703967977646e-05,  9.61316396248480022e-06, -9.61316396248480022e-06,  5.26036566863324729e-05 }
}},

arma::mat
{{
  {  5.63802507983433218e-02,  0.00000000000000000e+00, -8.28205569892252746e-03,  8.28205569892252746e-03 },
  {  0.00000000000000000e+00,  2.75695612247552025e-03,  0.00000000000000000e+00,  0.00000000000000000e+00 },
  { -1.13779176424918193e-03,  0.00000000000000000e+00,  4.92378269739831404e-04, -4.92378269739831404e-04 },
  {  0.00000000000000000e+00, -1.98881815816138720e-04,  0.00000000000000000e+00,  0.00000000000000000e+00 },
  {  8.28205569892252746e-03,  0.00000000000000000e+00, -1.53088161332622032e-03,  3.48346882347923400e-03 },
  {  0.00000000000000000e+00,  1.27354930014057397e-03,  0.00000000000000000e+00,  0.00000000000000000e+00 },
  { -4.92378269739831404e-04,  0.00000000000000000e+00,  2.28403679042529035e-04, -3.19006055651528567e-04 },
  {  6.55032436422000805e-04,  0.00000000000000000e+00,  3.91447906184086490e-05,  7.11857690339946759e-04 },
  {  0.00000000000000000e+00,  3.02452443690197955e-04,  0.00000000000000000e+00,  0.00000000000000000e+00 },
  { -2.93825805441606375e-05,  0.00000000000000000e+00,  8.65069702463918029e-05,  7.43288738454127887e-05 },
  { -8.28205569892252746e-03,  0.00000000000000000e+00,  3.48346882347923400e-03, -1.53088161332622032e-03 },
  {  0.00000000000000000e+00, -1.27354930014057397e-03,  0.00000000000000000e+00,  0.00000000000000000e+00 },
  {  4.92378269739831404e-04,  0.00000000000000000e+00, -3.19006055651528567e-04,  2.28403679042529035e-04 },
  { -3.48346882347923400e-03,  0.00000000000000000e+00,  1.58345326543360117e-03, -1.58345326543360117e-03 },
  {  0.00000000000000000e+00, -8.80471538442766902e-04,  0.00000000000000000e+00,  0.00000000000000000e+00 },
  { -7.11857690339946759e-04,  0.00000000000000000e+00,  2.89578681313298501e-04, -6.19648724374649443e-04 },
  {  6.55032436422000805e-04,  0.00000000000000000e+00, -7.11857690339946759e-04, -3.91447906184086490e-05 },
  {  0.00000000000000000e+00,  3.02452443690197955e-04,  0.00000000000000000e+00,  0.00000000000000000e+00 },
  {  7.11857690339946759e-04,  0.00000000000000000e+00, -6.19648724374649443e-04,  2.89578681313298501e-04 },
  {  2.93825805441606375e-05,  0.00000000000000000e+00,  7.43288738454127887e-05,  8.65069702463918029e-05 }
}},

arma::mat
{{
  {  4.60592019399116009e-02, -4.57797273965582230e-03, -4.57797273965582230e-03,  4.57797273965582230e-03 },
  {  4.57797273965582230e-03, -1.68343611301693317e-04, -1.36672834168741946e-03,  1.36672834168741946e-03 },
  {  5.52226285673207320e-05,  1.90135820144136084e-04, -1.46923835028484187e-04,  1.46923835028484187e-04 },
  { -6.10339703967977646e-05,  5.26036566863324729e-05,  9.61316396248480022e-06, -9.61316396248480022e-06 },
  {  4.57797273965582230e-03, -1.36672834168741946e-03, -1.68343611301693317e-04,  1.36672834168741946e-03 },
  {  1.36672834168741946e-03, -3.49195324063292429e-04, -3.49195324063292429e-04,  6.58291950604137266e-04 },
  {  1.46923835028484187e-04,  1.56893093613635205e-05, -1.10747410492340479e-04,  1.29497121675069173e-04 },
  {  5.52226285673207320e-05, -1.46923835028484187e-04,  1.90135820144136084e-04,  1.46923835028484187e-04 },
  {  1.46923835028484187e-04, -1.10747410492340479e-04,  1.56893093613635205e-05,  1.29497121675069173e-04 },
  { -6.10339703967977646e-05,  9.61316396248480022e-06,  5.26036566863324729e-05, -9.61316396248480022e-06 },
  { -4.57797273965582230e-03,  1.36672834168741946e-03,  1.36672834168741946e-03, -1.68343611301693317e-04 },
  { -1.36672834168741946e-03,  3.49195324063292429e-04,  6.58291950604137266e-04, -3.49195324063292429e-04 },
  { -1.46923835028484187e-04, -1.56893093613635205e-05,  1.29497121675069173e-04, -1.10747410492340479e-04 },
  { -1.36672834168741946e-03,  6.58291950604137266e-04,  3.49195324063292429e-04, -3.49195324063292429e-04 },
  { -6.58291950604137266e-04,  2.96650557214443505e-04,  2.96650557214443505e-04, -2.96650557214443505e-04 },
  { -1.46923835028484187e-04,  1.29497121675069173e-04, -1.56893093613635205e-05, -1.10747410492340479e-04 },
  {  5.52226285673207320e-05, -1.46923835028484187e-04, -1.46923835028484187e-04, -1.90135820144136084e-04 },
  {  1.46923835028484187e-04, -1.10747410492340479e-04, -1.29497121675069173e-04, -1.56893093613635205e-05 },
  {  1.46923835028484187e-04, -1.29497121675069173e-04, -1.10747410492340479e-04, -1.56893093613635205e-05 },
  {  6.10339703967977646e-05, -9.61316396248480022e-06, -9.61316396248480022e-06,  5.26036566863324729e-05 }
}},

arma::mat
{{
  {  5.63802507983433218e-02,  8.28205569892252746e-03,  8.28205569892252746e-03,  0.00000000000000000e+00 },
  { -8.28205569892252746e-03, -1.53088161332622032e-03, -3.48346882347923400e-03,  0.00000000000000000e+00 },
  {  6.55032436422000805e-04, -3.91447906184086490e-05,  7.11857690339946759e-04,  0.00000000000000000e+00 },
  {  2.93825805441606375e-05,  8.65069702463918029e-05, -7.43288738454127887e-05,  0.00000000000000000e+00 },
  { -8.28205569892252746e-03, -3.48346882347923400e-03, -1.53088161332622032e-03,  0.00000000000000000e+00 },
  {  3.48346882347923400e-03,  1.58345326543360117e-03,  1.58345326543360117e-03,  0.00000000000000000e+00 },
  { -7.11857690339946759e-04, -2.89578681313298501e-04, -6.19648724374649443e-04,  0.00000000000000000e+00 },
  {  6.55032436422000805e-04,  7.11857690339946759e-04, -3.91447906184086490e-05,  0.00000000000000000e+00 },
  { -7.11857690339946759e-04, -6.19648724374649443e-04, -2.89578681313298501e-04,  0.00000000000000000e+00 },
  {  2.93825805441606375e-05, -7.43288738454127887e-05,  8.65069702463918029e-05,  0.00000000000000000e+00 },
  {  0.00000000000000000e+00,  0.00000000000000000e+00,  0.00000000000000000e+00,  2.75695612247552025e-03 },
  {  0.00000000000000000e+00,  0.00000000000000000e+00,  0.00000000000000000e+00, -1.27354930014057397e-03 },
  {  0.00000000000000000e+00,  0.00000000000000000e+00,  0.00000000000000000e+00,  3.02452443690197955e-04 },
  {  0.00000000000000000e+00,  0.00000000000000000e+00,  0.00000000000000000e+00, -1.27354930014057397e-03 },
  {  0.00000000000000000e+00,  0.00000000000000000e+00,  0.00000000000000000e+00,  8.80471538442766902e-04 },
  {  0.00000000000000000e+00,  0.00000000000000000e+00,  0.00000000000000000e+00,  3.02452443690197955e-04 },
  { -1.13779176424918193e-03, -4.92378269739831404e-04, -4.92378269739831404e-04,  0.00000000000000000e+00 },
  {  4.92378269739831404e-04,  2.28403679042529035e-04,  3.19006055651528567e-04,  0.00000000000000000e+00 },
  {  4.92378269739831404e-04,  3.19006055651528567e-04,  2.28403679042529035e-04,  0.00000000000000000e+00 },
  {  0.00000000000000000e+00,  0.00000000000000000e+00,  0.00000000000000000e+00, -1.98881815816138720e-04 }
}},

arma::mat
{{
  {  7.80563627878484989e-02,  0.00000000000000000e+00,  1.99442695377312906e-02,  0.00000000000000000e+00 },
  {  0.00000000000000000e+00,  7.33461132693295336e-03,  0.00000000000000000e+00,  0.00000000000000000e+00 },
  { -2.77581632989939639e-03,  0.00000000000000000e+00, -1.76590992984301831e-03,  0.00000000000000000e+00 },
  {  0.00000000000000000e+00, -8.82497767125765571e-04,  0.00000000000000000e+00,  0.00000000000000000e+00 },
  { -1.99442695377312906e-02,  0.00000000000000000e+00, -8.92913161486171177e-03,  0.00000000000000000e+00 },
  {  0.00000000000000000e+00, -5.15330695076234718e-03,  0.00000000000000000e+00,  0.00000000000000000e+00 },
  {  1.76590992984301831e-03,  0.00000000000000000e+00,  1.27198858679832992e-03,  0.00000000000000000e+00 },
  {  4.21241087025435793e-03,  0.00000000000000000e+00,  2.52878736963846069e-03,  0.00000000000000000e+00 },
  {  0.00000000000000000e+00,  2.11272906249706073e-03,  0.00000000000000000e+00,  0.00000000000000000e+00 },
  { -8.24874374445552544e-04,  0.00000000000000000e+00, -6.04846381540924427e-04,  0.00000000000000000e+00 },
  {  0.00000000000000000e+00,  0.00000000000000000e+00,  0.00000000000000000e+00,  7.33461132693295336e-03 },
  {  0.00000000000000000e+00,  0.00000000000000000e+00,  0.00000000000000000e+00,  0.00000000000000000e+00 },
  {  0.00000000000000000e+00,  0.00000000000000000e+00,  0.00000000000000000e+00, -7.14300247251084693e-04 },
  {  0.00000000000000000e+00,  0.00000000000000000e+00,  0.00000000000000000e+00, -5.15330695076234718e-03 },
  {  0.00000000000000000e+00,  0.00000000000000000e+00,  0.00000000000000000e+00,  0.00000000000000000e+00 },
  {  0.00000000000000000e+00,  0.00000000000000000e+00,  0.00000000000000000e+00,  2.11272906249706073e-03 },
  { -2.77581632989939639e-03,  0.00000000000000000e+00, -1.76590992984301831e-03,  0.00000000000000000e+00 },
  {  0.00000000000000000e+00, -7.14300247251084693e-04,  0.00000000000000000e+00,  0.00000000000000000e+00 },
  {  1.76590992984301831e-03,  0.00000000000000000e+00,  1.27198858679832992e-03,  0.00000000000000000e+00 },
  {  0.00000000000000000e+00,  0.00000000000000000e+00,  0.00000000000000000e+00, -8.82497767125765571e-04 }
}},

arma::mat
{{
  {  5.63802507983433218e-02, -8.28205569892252746e-03,  8.28205569892252746e-03,  0.00000000000000000e+00 },
  {  8.28205569892252746e-03, -1.53088161332622032e-03,  3.48346882347923400e-03,  0.00000000000000000e+00 },
  {  6.55032436422000805e-04,  3.91447906184086490e-05,  7.11857690339946759e-04,  0.00000000000000000e+00 },
  { -2.93825805441606375e-05,  8.65069702463918029e-05,  7.43288738454127887e-05,  0.00000000000000000e+00 },
  { -8.28205569892252746e-03,  3.48346882347923400e-03, -1.53088161332622032e-03,  0.00000000000000000e+00 },
  { -3.48346882347923400e-03,  1.58345326543360117e-03, -1.58345326543360117e-03,  0.00000000000000000e+00 },
  { -7.11857690339946759e-04,  2.89578681313298501e-04, -6.19648724374649443e-04,  0.00000000000000000e+00 },
  {  6.55032436422000805e-04, -7.11857690339946759e-04, -3.91447906184086490e-05,  0.00000000000000000e+00 },
  {  7.11857690339946759e-04, -6.19648724374649443e-04,  2.89578681313298501e-04,  0.00000000000000000e+00 },
  {  2.93825805441606375e-05,  7.43288738454127887e-05,  8.65069702463918029e-05,  0.00000000000000000e+00 },
  {  0.00000000000000000e+00,  0.00000000000000000e+00,  0.00000000000000000e+00,  2.75695612247552025e-03 },
  {  0.00000000000000000e+00,  0.00000000000000000e+00,  0.00000000000000000e+00,  1.27354930014057397e-03 },
  {  0.00000000000000000e+00,  0.00000000000000000e+00,  0.00000000000000000e+00,  3.02452443690197955e-04 },
  {  0.00000000000000000e+00,  0.00000000000000000e+00,  0.00000000000000000e+00, -1.27354930014057397e-03 },
  {  0.00000000000000000e+00,  0.00000000000000000e+00,  0.00000000000000000e+00, -8.80471538442766902e-04 },
  {  0.00000000000000000e+00,  0.00000000000000000e+00,  0.00000000000000000e+00,  3.02452443690197955e-04 },
  { -1.13779176424918193e-03,  4.92378269739831404e-04, -4.92378269739831404e-04,  0.00000000000000000e+00 },
  { -4.92378269739831404e-04,  2.28403679042529035e-04, -3.19006055651528567e-04,  0.00000000000000000e+00 },
  {  4.92378269739831404e-04, -3.19006055651528567e-04,  2.28403679042529035e-04,  0.00000000000000000e+00 },
  {  0.00000000000000000e+00,  0.00000000000000000e+00,  0.00000000000000000e+00, -1.98881815816138720e-04 }
}},

arma::mat
{{
  {  7.80563627878484989e-02,  1.99442695377312906e-02,  0.00000000000000000e+00,  0.00000000000000000e+00 },
  { -1.99442695377312906e-02, -8.92913161486171177e-03,  0.00000000000000000e+00,  0.00000000000000000e+00 },
  {  4.21241087025435793e-03,  2.52878736963846069e-03,  0.00000000000000000e+00,  0.00000000000000000e+00 },
  { -8.24874374445552544e-04, -6.04846381540924427e-04,  0.00000000000000000e+00,  0.00000000000000000e+00 },
  {  0.00000000000000000e+00,  0.00000000000000000e+00,  7.33461132693295336e-03,  0.00000000000000000e+00 },
  {  0.00000000000000000e+00,  0.00000000000000000e+00, -5.15330695076234718e-03,  0.00000000000000000e+00 },
  {  0.00000000000000000e+00,  0.00000000000000000e+00,  2.11272906249706073e-03,  0.00000000000000000e+00 },
  { -2.77581632989939639e-03, -1.76590992984301831e-03,  0.00000000000000000e+00,  0.00000000000000000e+00 },
  {  1.76590992984301831e-03,  1.27198858679832992e-03,  0.00000000000000000e+00,  0.00000000000000000e+00 },
  {  0.00000000000000000e+00,  0.00000000000000000e+00, -8.82497767125765571e-04,  0.00000000000000000e+00 },
  {  0.00000000000000000e+00,  0.00000000000000000e+00,  0.00000000000000000e+00,  7.33461132693295336e-03 },
  {  0.00000000000000000e+00,  0.00000000000000000e+00,  0.00000000000000000e+00, -5.15330695076234718e-03 },
  {  0.00000000000000000e+00,  0.00000000000000000e+00,  0.00000000000000000e+00,  2.11272906249706073e-03 },
  {  0.00000000000000000e+00,  0.00000000000000000e+00,  0.00000000000000000e+00,  0.00000000000000000e+00 },
  {  0.00000000000000000e+00,  0.00000000000000000e+00,  0.00000000000000000e+00,  0.00000000000000000e+00 },
  {  0.00000000000000000e+00,  0.00000000000000000e+00,  0.00000000000000000e+00, -7.14300247251084693e-04 },
  { -2.77581632989939639e-03, -1.76590992984301831e-03,  0.00000000000000000e+00,  0.00000000000000000e+00 },
  {  1.76590992984301831e-03,  1.27198858679832992e-03,  0.00000000000000000e+00,  0.00000000000000000e+00 },
  {  0.00000000000000000e+00,  0.00000000000000000e+00, -7.14300247251084693e-04,  0.00000000000000000e+00 },
  {  0.00000000000000000e+00,  0.00000000000000000e+00,  0.00000000000000000e+00, -8.82497767125765571e-04 }
}},

arma::mat
{{
  {  1.49789680899495681e-01,  0.00000000000000000e+00,  0.00000000000000000e+00,  0.00000000000000000e+00 },
  {  0.00000000000000000e+00,  3.49209344864857413e-02,  0.00000000000000000e+00,  0.00000000000000000e+00 },
  { -1.06825659728629584e-02,  0.00000000000000000e+00,  0.00000000000000000e+00,  0.00000000000000000e+00 },
  {  0.00000000000000000e+00, -6.28613330605285164e-03,  0.00000000000000000e+00,  0.00000000000000000e+00 },
  {  0.00000000000000000e+00,  0.00000000000000000e+00,  3.49209344864857413e-02,  0.00000000000000000e+00 },
  {  0.00000000000000000e+00,  0.00000000000000000e+00,  0.00000000000000000e+00,  0.00000000000000000e+00 },
  {  0.00000000000000000e+00,  0.00000000000000000e+00, -4.43743434027701802e-03,  0.00000000000000000e+00 },
  { -1.06825659728629584e-02,  0.00000000000000000e+00,  0.00000000000000000e+00,  0.00000000000000000e+00 },
  {  0.00000000000000000e+00, -4.43743434027701802e-03,  0.00000000000000000e+00,  0.00000000000000000e+00 },
  {  0.00000000000000000e+00,  0.00000000000000000e+00, -6.28613330605285164e-03,  0.00000000000000000e+00 },
  {  0.00000000000000000e+00,  0.00000000000000000e+00,  0.00000000000000000e+00,  3.49209344864857413e-02 },
  {  0.00000000000000000e+00,  0.00000000000000000e+00,  0.00000000000000000e+00,  0.00000000000000000e+00 },
  {  0.00000000000000000e+00,  0.00000000000000000e+00,  0.00000000000000000e+00, -4.43743434027701802e-03 },
  {  0.00000000000000000e+00,  0.00000000000000000e+00,  0.00000000000000000e+00,  0.00000000000000000e+00 },
  {  0.00000000000000000e+00,  0.00000000000000000e+00,  0.00000000000000000e+00,  0.00000000000000000e+00 },
  {  0.00000000000000000e+00,  0.00000000000000000e+00,  0.00000000000000000e+00, -4.43743434027701802e-03 },
  { -1.06825659728629584e-02,  0.00000000000000000e+00,  0.00000000000000000e+00,  0.00000000000000000e+00 },
  {  0.00000000000000000e+00, -4.43743434027701802e-03,  0.00000000000000000e+00,  0.00000000000000000e+00 },
  {  0.00000000000000000e+00,  0.00000000000000000e+00, -4.43743434027701802e-03,  0.00000000000000000e+00 },
  {  0.00000000000000000e+00,  0.00000000000000000e+00,  0.00000000000000000e+00, -6.28613330605285164e-03 }
}},

arma::mat
{{
  {  7.80563627878484989e-02, -1.99442695377312906e-02,  0.00000000000000000e+00,  0.00000000000000000e+00 },
  {  1.99442695377312906e-02, -8.92913161486171177e-03,  0.00000000000000000e+00,  0.00000000000000000e+00 },
  {  4.21241087025435793e-03, -2.52878736963846069e-03,  0.00000000000000000e+00,  0.00000000000000000e+00 },
  {  8.24874374445552544e-04, -6.04846381540924427e-04,  0.00000000000000000e+00,  0.00000000000000000e+00 },
  {  0.00000000000000000e+00,  0.00000000000000000e+00,  7.33461132693295336e-03,  0.00000000000000000e+00 },
  {  0.00000000000000000e+00,  0.00000000000000000e+00,  5.15330695076234718e-03,  0.00000000000000000e+00 },
  {  0.00000000000000000e+00,  0.00000000000000000e+00,  2.11272906249706073e-03,  0.00000000000000000e+00 },
  { -2.77581632989939639e-03,  1.76590992984301831e-03,  0.00000000000000000e+00,  0.00000000000000000e+00 },
  { -1.76590992984301831e-03,  1.27198858679832992e-03,  0.00000000000000000e+00,  0.00000000000000000e+00 },
  {  0.00000000000000000e+00,  0.00000000000000000e+00, -8.82497767125765571e-04,  0.00000000000000000e+00 },
  {  0.00000000000000000e+00,  0.00000000000000000e+00,  0.00000000000000000e+00,  7.33461132693295336e-03 },
  {  0.00000000000000000e+00,  0.00000000000000000e+00,  0.00000000000000000e+00,  5.15330695076234718e-03 },
  {  0.00000000000000000e+00,  0.00000000000000000e+00,  0.00000000000000000e+00,  2.11272906249706073e-03 },
  {  0.00000000000000000e+00,  0.00000000000000000e+00,  0.00000000000000000e+00,  0.00000000000000000e+00 },
  {  0.00000000000000000e+00,  0.00000000000000000e+00,  0.00000000000000000e+00,  0.00000000000000000e+00 },
  {  0.00000000000000000e+00,  0.00000000000000000e+00,  0.00000000000000000e+00, -7.14300247251084693e-04 },
  { -2.77581632989939639e-03,  1.76590992984301831e-03,  0.00000000000000000e+00,  0.00000000000000000e+00 },
  { -1.76590992984301831e-03,  1.27198858679832992e-03,  0.00000000000000000e+00,  0.00000000000000000e+00 },
  {  0.00000000000000000e+00,  0.00000000000000000e+00, -7.14300247251084693e-04,  0.00000000000000000e+00 },
  {  0.00000000000000000e+00,  0.00000000000000000e+00,  0.00000000000000000e+00, -8.82497767125765571e-04 }
}},

arma::mat
{{
  {  5.63802507983433218e-02,  8.28205569892252746e-03, -8.28205569892252746e-03,  0.00000000000000000e+00 },
  { -8.28205569892252746e-03, -1.53088161332622032e-03,  3.48346882347923400e-03,  0.00000000000000000e+00 },
  {  6.55032436422000805e-04, -3.91447906184086490e-05, -7.11857690339946759e-04,  0.00000000000000000e+00 },
  {  2.93825805441606375e-05,  8.65069702463918029e-05,  7.43288738454127887e-05,  0.00000000000000000e+00 },
  {  8.28205569892252746e-03,  3.48346882347923400e-03, -1.53088161332622032e-03,  0.00000000000000000e+00 },
  { -3.48346882347923400e-03, -1.58345326543360117e-03,  1.58345326543360117e-03,  0.00000000000000000e+00 },
  {  7.11857690339946759e-04,  2.89578681313298501e-04, -6.19648724374649443e-04,  0.00000000000000000e+00 },
  {  6.55032436422000805e-04,  7.11857690339946759e-04,  3.91447906184086490e-05,  0.00000000000000000e+00 },
  { -7.11857690339946759e-04, -6.19648724374649443e-04,  2.89578681313298501e-04,  0.00000000000000000e+00 },
  { -2.93825805441606375e-05,  7.43288738454127887e-05,  8.65069702463918029e-05,  0.00000000000000000e+00 },
  {  0.00000000000000000e+00,  0.00000000000000000e+00,  0.00000000000000000e+00,  2.75695612247552025e-03 },
  {  0.00000000000000000e+00,  0.00000000000000000e+00,  0.00000000000000000e+00, -1.27354930014057397e-03 },
  {  0.00000000000000000e+00,  0.00000000000000000e+00,  0.00000000000000000e+00,  3.02452443690197955e-04 },
  {  0.00000000000000000e+00,  0.00000000000000000e+00,  0.00000000000000000e+00,  1.27354930014057397e-03 },
  {  0.00000000000000000e+00,  0.00000000000000000e+00,  0.00000000000000000e+00, -8.80471538442766902e-04 },
  {  0.00000000000000000e+00,  0.00000000000000000e+00,  0.00000000000000000e+00,  3.02452443690197955e-04 },
  { -1.13779176424918193e-03, -4.92378269739831404e-04,  4.92378269739831404e-04,  0.00000000000000000e+00 },
  {  4.92378269739831404e-04,  2.28403679042529035e-04, -3.19006055651528567e-04,  0.00000000000000000e+00 },
  { -4.92378269739831404e-04, -3.19006055651528567e-04,  2.28403679042529035e-04,  0.00000000000000000e+00 },
  {  0.00000000000000000e+00,  0.00000000000000000e+00,  0.00000000000000000e+00, -1.98881815816138720e-04 }
}},

arma::mat
{{
  {  7.80563627878484989e-02,  0.00000000000000000e+00, -1.99442695377312906e-02,  0.00000000000000000e+00 },
  {  0.00000000000000000e+00,  7.33461132693295336e-03,  0.00000000000000000e+00,  0.00000000000000000e+00 },
  { -2.77581632989939639e-03,  0.00000000000000000e+00,  1.76590992984301831e-03,  0.00000000000000000e+00 },
  {  0.00000000000000000e+00, -8.82497767125765571e-04,  0.00000000000000000e+00,  0.00000000000000000e+00 },
  {  1.99442695377312906e-02,  0.00000000000000000e+00, -8.92913161486171177e-03,  0.00000000000000000e+00 },
  {  0.00000000000000000e+00,  5.15330695076234718e-03,  0.00000000000000000e+00,  0.00000000000000000e+00 },
  { -1.76590992984301831e-03,  0.00000000000000000e+00,  1.27198858679832992e-03,  0.00000000000000000e+00 },
  {  4.21241087025435793e-03,  0.00000000000000000e+00, -2.52878736963846069e-03,  0.00000000000000000e+00 },
  {  0.00000000000000000e+00,  2.11272906249706073e-03,  0.00000000000000000e+00,  0.00000000000000000e+00 },
  {  8.24874374445552544e-04,  0.00000000000000000e+00, -6.04846381540924427e-04,  0.00000000000000000e+00 },
  {  0.00000000000000000e+00,  0.00000000000000000e+00,  0.00000000000000000e+00,  7.33461132693295336e-03 },
  {  0.00000000000000000e+00,  0.00000000000000000e+00,  0.00000000000000000e+00,  0.00000000000000000e+00 },
  {  0.00000000000000000e+00,  0.00000000000000000e+00,  0.00000000000000000e+00, -7.14300247251084693e-04 },
  {  0.00000000000000000e+00,  0.00000000000000000e+00,  0.00000000000000000e+00,  5.15330695076234718e-03 },
  {  0.00000000000000000e+00,  0.00000000000000000e+00,  0.00000000000000000e+00,  0.00000000000000000e+00 },
  {  0.00000000000000000e+00,  0.00000000000000000e+00,  0.00000000000000000e+00,  2.11272906249706073e-03 },
  { -2.77581632989939639e-03,  0.00000000000000000e+00,  1.76590992984301831e-03,  0.00000000000000000e+00 },
  {  0.00000000000000000e+00, -7.14300247251084693e-04,  0.00000000000000000e+00,  0.00000000000000000e+00 },
  { -1.76590992984301831e-03,  0.00000000000000000e+00,  1.27198858679832992e-03,  0.00000000000000000e+00 },
  {  0.00000000000000000e+00,  0.00000000000000000e+00,  0.00000000000000000e+00, -8.82497767125765571e-04 }
}},

arma::mat
{{
  {  5.63802507983433218e-02, -8.28205569892252746e-03, -8.28205569892252746e-03,  0.00000000000000000e+00 },
  {  8.28205569892252746e-03, -1.53088161332622032e-03, -3.48346882347923400e-03,  0.00000000000000000e+00 },
  {  6.55032436422000805e-04,  3.91447906184086490e-05, -7.11857690339946759e-04,  0.00000000000000000e+00 },
  { -2.93825805441606375e-05,  8.65069702463918029e-05, -7.43288738454127887e-05,  0.00000000000000000e+00 },
  {  8.28205569892252746e-03, -3.48346882347923400e-03, -1.53088161332622032e-03,  0.00000000000000000e+00 },
  {  3.48346882347923400e-03, -1.58345326543360117e-03, -1.58345326543360117e-03,  0.00000000000000000e+00 },
  {  7.11857690339946759e-04, -2.89578681313298501e-04, -6.19648724374649443e-04,  0.00000000000000000e+00 },
  {  6.55032436422000805e-04, -7.11857690339946759e-04,  3.91447906184086490e-05,  0.00000000000000000e+00 },
  {  7.11857690339946759e-04, -6.19648724374649443e-04, -2.89578681313298501e-04,  0.00000000000000000e+00 },
  { -2.93825805441606375e-05, -7.43288738454127887e-05,  8.65069702463918029e-05,  0.00000000000000000e+00 },
  {  0.00000000000000000e+00,  0.00000000000000000e+00,  0.00000000000000000e+00,  2.75695612247552025e-03 },
  {  0.00000000000000000e+00,  0.00000000000000000e+00,  0.00000000000000000e+00,  1.27354930014057397e-03 },
  {  0.00000000000000000e+00,  0.00000000000000000e+00,  0.00000000000000000e+00,  3.02452443690197955e-04 },
